{"meta": {"n": 211, "K": 24}, "targets": [{"key": "keep_rate", "label": "Keep rate (swipe)"}, {"key": "ret_5s", "label": "5-sec retention"}, {"key": "retention", "label": "Avg retention"}], "per_target": {"keep_rate": {"features": ["nobj_s4", "nobj_hook", "nobj_s2", "nobj_s0", "nobj_s1", "coh_s4", "nov_s0_whole", "global_nov_visual", "niche_dist_visual", "temporal_hook", "global_nov_whole", "nov_s2_whole", "coh_s2", "coherence_hook", "coh_s0"], "clusters": [5, 1, 2, 3, 4, 12, 8, 6, 6, 7, 7, 9, 9, 10, 11], "corr": [[1.0, 0.284, 0.245, 0.129, 0.117, -0.028, -0.0, -0.034, -0.009, 0.045, -0.022, -0.012, 0.058, -0.008, 0.004], [0.284, 1.0, 0.382, 0.351, 0.31, 0.043, 0.105, 0.122, 0.095, -0.02, -0.012, 0.115, 0.049, 0.072, 0.095], [0.245, 0.382, 1.0, 0.345, 0.349, 0.02, 0.063, -0.138, -0.092, -0.043, -0.005, -0.007, 0.006, -0.054, 0.102], [0.129, 0.351, 0.345, 1.0, 0.375, 0.051, 0.131, 0.03, 0.047, 0.13, 0.031, -0.008, -0.056, -0.032, -0.102], [0.117, 0.31, 0.349, 0.375, 1.0, 0.05, 0.009, -0.109, -0.044, -0.059, -0.071, -0.102, -0.085, -0.195, -0.058], [-0.028, 0.043, 0.02, 0.051, 0.05, 1.0, -0.015, 0.05, 0.028, 0.165, 0.111, 0.075, 0.162, 0.114, 0.071], [-0.0, 0.105, 0.063, 0.131, 0.009, -0.015, 1.0, 0.338, 0.291, 0.341, 0.389, 0.243, 0.061, 0.279, 0.373], [-0.034, 0.122, -0.138, 0.03, -0.109, 0.05, 0.338, 1.0, 0.827, 0.41, 0.446, 0.357, 0.204, 0.266, 0.207], [-0.009, 0.095, -0.092, 0.047, -0.044, 0.028, 0.291, 0.827, 1.0, 0.383, 0.388, 0.289, 0.115, 0.249, 0.162], [0.045, -0.02, -0.043, 0.13, -0.059, 0.165, 0.341, 0.41, 0.383, 1.0, 0.76, 0.407, 0.233, 0.42, 0.247], [-0.022, -0.012, -0.005, 0.031, -0.071, 0.111, 0.389, 0.446, 0.388, 0.76, 1.0, 0.386, 0.197, 0.386, 0.247], [-0.012, 0.115, -0.007, -0.008, -0.102, 0.075, 0.243, 0.357, 0.289, 0.407, 0.386, 1.0, 0.504, 0.3, 0.204], [0.058, 0.049, 0.006, -0.056, -0.085, 0.162, 0.061, 0.204, 0.115, 0.233, 0.197, 0.504, 1.0, 0.321, 0.344], [-0.008, 0.072, -0.054, -0.032, -0.195, 0.114, 0.279, 0.266, 0.249, 0.42, 0.386, 0.3, 0.321, 1.0, 0.452], [0.004, 0.095, 0.102, -0.102, -0.058, 0.071, 0.373, 0.207, 0.162, 0.247, 0.247, 0.204, 0.344, 0.452, 1.0]], "synergy": [[0.02, -0.012, -0.009, -0.007, -0.005, 0.002, 0.0, 0.002, 0.0, -0.003, 0.001, 0.001, -0.003, 0.0, -0.0], [-0.012, 0.035, -0.017, -0.021, -0.016, -0.003, -0.006, -0.008, -0.006, 0.002, 0.001, -0.008, -0.003, -0.004, -0.005], [-0.009, -0.017, 0.026, -0.018, -0.015, -0.001, -0.003, 0.011, 0.006, 0.004, 0.0, 0.001, -0.0, 0.003, -0.005], [-0.007, -0.021, -0.018, 0.043, -0.021, -0.004, -0.007, -0.002, -0.003, -0.013, -0.003, 0.001, 0.005, 0.002, 0.007], [-0.005, -0.016, -0.015, -0.021, 0.03, -0.003, -0.0, 0.009, 0.003, 0.006, 0.006, 0.009, 0.006, 0.015, 0.003], [0.002, -0.003, -0.001, -0.004, -0.003, 0.032, 0.001, -0.003, -0.002, -0.013, -0.008, -0.005, -0.009, -0.006, -0.004], [0.0, -0.006, -0.003, -0.007, -0.0, 0.001, 0.022, -0.015, -0.012, -0.018, -0.018, -0.012, -0.003, -0.011, -0.012], [0.002, -0.008, 0.011, -0.002, 0.009, -0.003, -0.015, 0.036, -0.028, -0.028, -0.026, -0.022, -0.012, -0.014, -0.01], [0.0, -0.006, 0.006, -0.003, 0.003, -0.002, -0.012, -0.028, 0.028, -0.023, -0.021, -0.016, -0.006, -0.012, -0.007], [-0.003, 0.002, 0.004, -0.013, 0.006, -0.013, -0.018, -0.028, -0.023, 0.06, -0.045, -0.03, -0.017, -0.023, -0.014], [0.001, 0.001, 0.0, -0.003, 0.006, -0.008, -0.018, -0.026, -0.021, -0.045, 0.046, -0.026, -0.013, -0.02, -0.012], [0.001, -0.008, 0.001, 0.001, 0.009, -0.005, -0.012, -0.022, -0.016, -0.03, -0.026, 0.043, -0.025, -0.016, -0.01], [-0.003, -0.003, -0.0, 0.005, 0.006, -0.009, -0.003, -0.012, -0.006, -0.017, -0.013, -0.025, 0.031, -0.015, -0.013], [0.0, -0.004, 0.003, 0.002, 0.015, -0.006, -0.011, -0.014, -0.012, -0.023, -0.02, -0.016, -0.015, 0.027, -0.015], [-0.0, -0.005, -0.005, 0.007, 0.003, -0.004, -0.012, -0.01, -0.007, -0.014, -0.012, -0.01, -0.013, -0.015, 0.02]], "interaction": [[0.0, 0.001, 0.006, 0.005, 0.002, 0.008, 0.014, 0.008, 0.002, 0.003, 0.0, 0.0, 0.001, 0.01, 0.003], [0.001, 0.0, 0.006, 0.003, 0.001, 0.001, 0.004, 0.015, 0.01, 0.001, 0.0, 0.001, 0.0, 0.0, 0.011], [0.006, 0.006, 0.0, 0.001, 0.006, 0.005, 0.001, 0.006, 0.0, 0.0, 0.001, 0.002, 0.002, 0.003, 0.005], [0.005, 0.003, 0.001, 0.0, 0.002, 0.001, 0.011, 0.035, 0.02, 0.012, 0.004, 0.021, 0.003, 0.011, 0.046], [0.002, 0.001, 0.006, 0.002, 0.0, 0.022, 0.001, 0.042, 0.036, 0.009, 0.004, 0.017, 0.007, 0.004, 0.006], [0.008, 0.001, 0.005, 0.001, 0.022, 0.0, 0.005, 0.059, 0.042, 0.014, 0.03, 0.005, 0.003, 0.011, 0.011], [0.014, 0.004, 0.001, 0.011, 0.001, 0.005, 0.0, 0.005, 0.001, 0.014, 0.002, 0.01, 0.002, 0.011, 0.018], [0.008, 0.015, 0.006, 0.035, 0.042, 0.059, 0.005, 0.0, 0.013, 0.016, 0.0, 0.006, 0.002, 0.011, 0.0], [0.002, 0.01, 0.0, 0.02, 0.036, 0.042, 0.001, 0.013, 0.0, 0.008, 0.0, 0.012, 0.013, 0.007, 0.0], [0.003, 0.001, 0.0, 0.012, 0.009, 0.014, 0.014, 0.016, 0.008, 0.0, 0.029, 0.02, 0.006, 0.018, 0.0], [0.0, 0.0, 0.001, 0.004, 0.004, 0.03, 0.002, 0.0, 0.0, 0.029, 0.0, 0.016, 0.001, 0.02, 0.003], [0.0, 0.001, 0.002, 0.021, 0.017, 0.005, 0.01, 0.006, 0.012, 0.02, 0.016, 0.0, 0.0, 0.0, 0.001], [0.001, 0.0, 0.002, 0.003, 0.007, 0.003, 0.002, 0.002, 0.013, 0.006, 0.001, 0.0, 0.0, 0.0, 0.01], [0.01, 0.0, 0.003, 0.011, 0.004, 0.011, 0.011, 0.011, 0.007, 0.018, 0.02, 0.0, 0.0, 0.0, 0.0], [0.003, 0.011, 0.005, 0.046, 0.006, 0.011, 0.018, 0.0, 0.0, 0.0, 0.003, 0.001, 0.01, 0.0, 0.0]], "single_r2": [0.02, 0.035, 0.026, 0.043, 0.03, 0.032, 0.022, 0.036, 0.028, 0.06, 0.046, 0.043, 0.031, 0.027, 0.02], "top_synergy": [{"a": "nobj_s1", "b": "coherence_hook", "corr": -0.195, "r2_pair": 0.072, "synergy": 0.015, "interaction": 0.004, "ri": 0.03, "rj": 0.027}, {"a": "nobj_s2", "b": "global_nov_visual", "corr": -0.138, "r2_pair": 0.072, "synergy": 0.011, "interaction": 0.006, "ri": 0.026, "rj": 0.036}, {"a": "nobj_s1", "b": "global_nov_visual", "corr": -0.109, "r2_pair": 0.074, "synergy": 0.009, "interaction": 0.042, "ri": 0.03, "rj": 0.036}, {"a": "nobj_s1", "b": "nov_s2_whole", "corr": -0.102, "r2_pair": 0.081, "synergy": 0.009, "interaction": 0.017, "ri": 0.03, "rj": 0.043}, {"a": "nobj_s0", "b": "coh_s0", "corr": -0.102, "r2_pair": 0.071, "synergy": 0.007, "interaction": 0.046, "ri": 0.043, "rj": 0.02}, {"a": "nobj_s2", "b": "niche_dist_visual", "corr": -0.092, "r2_pair": 0.059, "synergy": 0.006, "interaction": 0.0, "ri": 0.026, "rj": 0.028}, {"a": "nobj_s1", "b": "temporal_hook", "corr": -0.059, "r2_pair": 0.095, "synergy": 0.006, "interaction": 0.009, "ri": 0.03, "rj": 0.06}, {"a": "nobj_s1", "b": "global_nov_whole", "corr": -0.071, "r2_pair": 0.082, "synergy": 0.006, "interaction": 0.004, "ri": 0.03, "rj": 0.046}, {"a": "nobj_s1", "b": "coh_s2", "corr": -0.085, "r2_pair": 0.067, "synergy": 0.006, "interaction": 0.007, "ri": 0.03, "rj": 0.031}, {"a": "nobj_s0", "b": "coh_s2", "corr": -0.056, "r2_pair": 0.079, "synergy": 0.005, "interaction": 0.003, "ri": 0.043, "rj": 0.031}, {"a": "nobj_s2", "b": "temporal_hook", "corr": -0.043, "r2_pair": 0.089, "synergy": 0.004, "interaction": 0.0, "ri": 0.026, "rj": 0.06}, {"a": "nobj_s2", "b": "coherence_hook", "corr": -0.054, "r2_pair": 0.056, "synergy": 0.003, "interaction": 0.003, "ri": 0.026, "rj": 0.027}], "top_redundant": [{"a": "temporal_hook", "b": "global_nov_whole", "corr": 0.76, "r2_pair": 0.06, "synergy": -0.045, "interaction": 0.029, "ri": 0.06, "rj": 0.046}, {"a": "temporal_hook", "b": "nov_s2_whole", "corr": 0.407, "r2_pair": 0.072, "synergy": -0.03, "interaction": 0.02, "ri": 0.06, "rj": 0.043}, {"a": "global_nov_visual", "b": "niche_dist_visual", "corr": 0.827, "r2_pair": 0.036, "synergy": -0.028, "interaction": 0.013, "ri": 0.036, "rj": 0.028}, {"a": "global_nov_visual", "b": "temporal_hook", "corr": 0.41, "r2_pair": 0.068, "synergy": -0.028, "interaction": 0.016, "ri": 0.036, "rj": 0.06}, {"a": "global_nov_visual", "b": "global_nov_whole", "corr": 0.446, "r2_pair": 0.055, "synergy": -0.026, "interaction": 0.0, "ri": 0.036, "rj": 0.046}, {"a": "global_nov_whole", "b": "nov_s2_whole", "corr": 0.386, "r2_pair": 0.062, "synergy": -0.026, "interaction": 0.016, "ri": 0.046, "rj": 0.043}, {"a": "nov_s2_whole", "b": "coh_s2", "corr": 0.504, "r2_pair": 0.048, "synergy": -0.025, "interaction": 0.0, "ri": 0.043, "rj": 0.031}, {"a": "niche_dist_visual", "b": "temporal_hook", "corr": 0.383, "r2_pair": 0.065, "synergy": -0.023, "interaction": 0.008, "ri": 0.028, "rj": 0.06}, {"a": "temporal_hook", "b": "coherence_hook", "corr": 0.42, "r2_pair": 0.063, "synergy": -0.023, "interaction": 0.018, "ri": 0.06, "rj": 0.027}, {"a": "global_nov_visual", "b": "nov_s2_whole", "corr": 0.357, "r2_pair": 0.057, "synergy": -0.022, "interaction": 0.006, "ri": 0.036, "rj": 0.043}, {"a": "nobj_hook", "b": "nobj_s0", "corr": 0.351, "r2_pair": 0.057, "synergy": -0.021, "interaction": 0.003, "ri": 0.035, "rj": 0.043}, {"a": "nobj_s0", "b": "nobj_s1", "corr": 0.375, "r2_pair": 0.053, "synergy": -0.021, "interaction": 0.002, "ri": 0.043, "rj": 0.03}], "top_interaction": [{"a": "coh_s4", "b": "global_nov_visual", "corr": 0.05, "r2_pair": 0.064, "synergy": -0.003, "interaction": 0.059, "ri": 0.032, "rj": 0.036}, {"a": "nobj_s0", "b": "coh_s0", "corr": -0.102, "r2_pair": 0.071, "synergy": 0.007, "interaction": 0.046, "ri": 0.043, "rj": 0.02}, {"a": "nobj_s1", "b": "global_nov_visual", "corr": -0.109, "r2_pair": 0.074, "synergy": 0.009, "interaction": 0.042, "ri": 0.03, "rj": 0.036}, {"a": "coh_s4", "b": "niche_dist_visual", "corr": 0.028, "r2_pair": 0.058, "synergy": -0.002, "interaction": 0.042, "ri": 0.032, "rj": 0.028}, {"a": "nobj_s1", "b": "niche_dist_visual", "corr": -0.044, "r2_pair": 0.061, "synergy": 0.003, "interaction": 0.036, "ri": 0.03, "rj": 0.028}, {"a": "nobj_s0", "b": "global_nov_visual", "corr": 0.03, "r2_pair": 0.076, "synergy": -0.002, "interaction": 0.035, "ri": 0.043, "rj": 0.036}, {"a": "coh_s4", "b": "global_nov_whole", "corr": 0.111, "r2_pair": 0.069, "synergy": -0.008, "interaction": 0.03, "ri": 0.032, "rj": 0.046}, {"a": "temporal_hook", "b": "global_nov_whole", "corr": 0.76, "r2_pair": 0.06, "synergy": -0.045, "interaction": 0.029, "ri": 0.06, "rj": 0.046}, {"a": "nobj_s1", "b": "coh_s4", "corr": 0.05, "r2_pair": 0.059, "synergy": -0.003, "interaction": 0.022, "ri": 0.03, "rj": 0.032}, {"a": "nobj_s0", "b": "nov_s2_whole", "corr": -0.008, "r2_pair": 0.087, "synergy": 0.001, "interaction": 0.021, "ri": 0.043, "rj": 0.043}]}, "ret_5s": {"features": ["coh_s1", "scene_spread", "nov_s3_visual"], "clusters": [2, 1, 1], "corr": [[1.0, -0.084, 0.094], [-0.084, 1.0, 0.564], [0.094, 0.564, 1.0]], "synergy": [[0.021, -0.005, 0.005], [-0.005, 0.038, -0.022], [0.005, -0.022, 0.024]], "interaction": [[0.0, 0.001, 0.002], [0.001, 0.0, 0.001], [0.002, 0.001, 0.0]], "single_r2": [0.021, 0.038, 0.024], "top_synergy": [{"a": "coh_s1", "b": "nov_s3_visual", "corr": 0.094, "r2_pair": 0.05, "synergy": 0.005, "interaction": 0.002, "ri": 0.021, "rj": 0.024}, {"a": "coh_s1", "b": "scene_spread", "corr": -0.084, "r2_pair": 0.055, "synergy": -0.005, "interaction": 0.001, "ri": 0.021, "rj": 0.038}, {"a": "scene_spread", "b": "nov_s3_visual", "corr": 0.564, "r2_pair": 0.041, "synergy": -0.022, "interaction": 0.001, "ri": 0.038, "rj": 0.024}], "top_redundant": [{"a": "scene_spread", "b": "nov_s3_visual", "corr": 0.564, "r2_pair": 0.041, "synergy": -0.022, "interaction": 0.001, "ri": 0.038, "rj": 0.024}], "top_interaction": [{"a": "coh_s1", "b": "nov_s3_visual", "corr": 0.094, "r2_pair": 0.05, "synergy": 0.005, "interaction": 0.002, "ri": 0.021, "rj": 0.024}, {"a": "coh_s1", "b": "scene_spread", "corr": -0.084, "r2_pair": 0.055, "synergy": -0.005, "interaction": 0.001, "ri": 0.021, "rj": 0.038}, {"a": "scene_spread", "b": "nov_s3_visual", "corr": 0.564, "r2_pair": 0.041, "synergy": -0.022, "interaction": 0.001, "ri": 0.038, "rj": 0.024}]}, "retention": {"features": ["nobj_s1", "nov_s1_visual"], "note": "too few significant features"}}}