{"meta": {"n": 211, "K": 24}, "targets": [{"key": "keep_rate", "label": "Keep rate (swipe)"}, {"key": "ret_5s", "label": "5-sec retention"}, {"key": "retention", "label": "Avg retention"}], "per_target": {"keep_rate": {"features": ["nobj_s0", "nobj_s1", "nobj_hook", "nobj_s4", "nobj_s3", "coh_s4", "nov_s2_whole", "coh_s2", "coherence_hook", "coh_s0", "nov_s0_whole", "temporal_hook", "global_nov_whole"], "clusters": [3, 1, 2, 4, 5, 12, 6, 7, 8, 9, 11, 10, 10], "corr": [[1.0, 0.335, 0.314, 0.108, 0.176, 0.153, 0.052, -0.026, 0.038, -0.069, 0.094, 0.085, 0.056], [0.335, 1.0, 0.404, 0.152, 0.189, 0.078, 0.089, 0.015, -0.044, 0.033, 0.097, 0.004, -0.008], [0.314, 0.404, 1.0, 0.367, 0.313, 0.019, 0.107, -0.038, -0.039, -0.02, 0.073, -0.042, -0.028], [0.108, 0.152, 0.367, 1.0, 0.266, -0.041, -0.071, 0.02, -0.065, 0.045, -0.05, 0.018, -0.073], [0.176, 0.189, 0.313, 0.266, 1.0, 0.039, 0.138, -0.03, -0.02, 0.078, 0.102, 0.029, 0.042], [0.153, 0.078, 0.019, -0.041, 0.039, 1.0, 0.073, 0.159, 0.112, 0.07, -0.015, 0.163, 0.109], [0.052, 0.089, 0.107, -0.071, 0.138, 0.073, 1.0, 0.495, 0.295, 0.201, 0.239, 0.401, 0.379], [-0.026, 0.015, -0.038, 0.02, -0.03, 0.159, 0.495, 1.0, 0.316, 0.339, 0.06, 0.229, 0.194], [0.038, -0.044, -0.039, -0.065, -0.02, 0.112, 0.295, 0.316, 1.0, 0.445, 0.274, 0.413, 0.38], [-0.069, 0.033, -0.02, 0.045, 0.078, 0.07, 0.201, 0.339, 0.445, 1.0, 0.367, 0.243, 0.243], [0.094, 0.097, 0.073, -0.05, 0.102, -0.015, 0.239, 0.06, 0.274, 0.367, 1.0, 0.335, 0.382], [0.085, 0.004, -0.042, 0.018, 0.029, 0.163, 0.401, 0.229, 0.413, 0.243, 0.335, 1.0, 0.747], [0.056, -0.008, -0.028, -0.073, 0.042, 0.109, 0.379, 0.194, 0.38, 0.243, 0.382, 0.747, 1.0]], "synergy": [[0.056, -0.031, -0.024, -0.008, -0.01, -0.012, -0.005, 0.002, -0.003, 0.006, -0.006, -0.01, -0.006], [-0.031, 0.06, -0.03, -0.01, -0.011, -0.007, -0.009, -0.001, 0.004, -0.002, -0.007, -0.001, 0.001], [-0.024, -0.03, 0.04, -0.017, -0.014, -0.001, -0.009, 0.003, 0.003, 0.001, -0.004, 0.005, 0.003], [-0.008, -0.01, -0.017, 0.023, -0.01, 0.003, 0.005, -0.001, 0.004, -0.002, 0.003, -0.001, 0.006], [-0.01, -0.011, -0.014, -0.01, 0.02, -0.002, -0.008, 0.002, 0.001, -0.003, -0.004, -0.002, -0.003], [-0.012, -0.007, -0.001, 0.003, -0.002, 0.032, -0.005, -0.009, -0.006, -0.004, 0.001, -0.013, -0.008], [-0.005, -0.009, -0.009, 0.005, -0.008, -0.005, 0.043, -0.025, -0.016, -0.01, -0.012, -0.03, -0.026], [0.002, -0.001, 0.003, -0.001, 0.002, -0.009, -0.025, 0.031, -0.015, -0.013, -0.003, -0.017, -0.013], [-0.003, 0.004, 0.003, 0.004, 0.001, -0.006, -0.016, -0.015, 0.027, -0.015, -0.011, -0.023, -0.02], [0.006, -0.002, 0.001, -0.002, -0.003, -0.004, -0.01, -0.013, -0.015, 0.02, -0.012, -0.014, -0.012], [-0.006, -0.007, -0.004, 0.003, -0.004, 0.001, -0.012, -0.003, -0.011, -0.012, 0.022, -0.018, -0.018], [-0.01, -0.001, 0.005, -0.001, -0.002, -0.013, -0.03, -0.017, -0.023, -0.014, -0.018, 0.06, -0.045], [-0.006, 0.001, 0.003, 0.006, -0.003, -0.008, -0.026, -0.013, -0.02, -0.012, -0.018, -0.045, 0.046]], "interaction": [[0.0, 0.003, 0.0, 0.001, 0.0, 0.001, 0.019, 0.002, 0.015, 0.023, 0.007, 0.019, 0.01], [0.003, 0.0, 0.003, 0.003, 0.003, 0.007, 0.009, 0.021, 0.0, 0.016, 0.001, 0.0, 0.003], [0.0, 0.003, 0.0, 0.001, 0.0, 0.006, 0.0, 0.0, 0.001, 0.008, 0.001, 0.004, 0.002], [0.001, 0.003, 0.001, 0.0, 0.0, 0.005, 0.0, 0.004, 0.004, 0.002, 0.005, 0.001, 0.006], [0.0, 0.003, 0.0, 0.0, 0.0, 0.001, 0.01, 0.001, 0.0, 0.005, 0.005, 0.002, 0.002], [0.001, 0.007, 0.006, 0.005, 0.001, 0.0, 0.005, 0.003, 0.011, 0.011, 0.005, 0.014, 0.03], [0.019, 0.009, 0.0, 0.0, 0.01, 0.005, 0.0, 0.0, 0.0, 0.001, 0.01, 0.02, 0.016], [0.002, 0.021, 0.0, 0.004, 0.001, 0.003, 0.0, 0.0, 0.0, 0.01, 0.002, 0.006, 0.001], [0.015, 0.0, 0.001, 0.004, 0.0, 0.011, 0.0, 0.0, 0.0, 0.0, 0.011, 0.018, 0.02], [0.023, 0.016, 0.008, 0.002, 0.005, 0.011, 0.001, 0.01, 0.0, 0.0, 0.018, 0.0, 0.003], [0.007, 0.001, 0.001, 0.005, 0.005, 0.005, 0.01, 0.002, 0.011, 0.018, 0.0, 0.014, 0.002], [0.019, 0.0, 0.004, 0.001, 0.002, 0.014, 0.02, 0.006, 0.018, 0.0, 0.014, 0.0, 0.029], [0.01, 0.003, 0.002, 0.006, 0.002, 0.03, 0.016, 0.001, 0.02, 0.003, 0.002, 0.029, 0.0]], "single_r2": [0.056, 0.06, 0.04, 0.023, 0.02, 0.032, 0.043, 0.031, 0.027, 0.02, 0.022, 0.06, 0.046], "top_synergy": [{"a": "nobj_s0", "b": "coh_s0", "corr": -0.069, "r2_pair": 0.082, "synergy": 0.006, "interaction": 0.023, "ri": 0.056, "rj": 0.02}, {"a": "nobj_s4", "b": "global_nov_whole", "corr": -0.073, "r2_pair": 0.075, "synergy": 0.006, "interaction": 0.006, "ri": 0.023, "rj": 0.046}, {"a": "nobj_hook", "b": "temporal_hook", "corr": -0.042, "r2_pair": 0.105, "synergy": 0.005, "interaction": 0.004, "ri": 0.04, "rj": 0.06}, {"a": "nobj_s4", "b": "nov_s2_whole", "corr": -0.071, "r2_pair": 0.071, "synergy": 0.005, "interaction": 0.0, "ri": 0.023, "rj": 0.043}, {"a": "nobj_s1", "b": "coherence_hook", "corr": -0.044, "r2_pair": 0.091, "synergy": 0.004, "interaction": 0.0, "ri": 0.06, "rj": 0.027}, {"a": "nobj_s4", "b": "coherence_hook", "corr": -0.065, "r2_pair": 0.054, "synergy": 0.004, "interaction": 0.004, "ri": 0.023, "rj": 0.027}, {"a": "nobj_hook", "b": "coh_s2", "corr": -0.038, "r2_pair": 0.074, "synergy": 0.003, "interaction": 0.0, "ri": 0.04, "rj": 0.031}, {"a": "nobj_hook", "b": "coherence_hook", "corr": -0.039, "r2_pair": 0.071, "synergy": 0.003, "interaction": 0.001, "ri": 0.04, "rj": 0.027}, {"a": "nobj_hook", "b": "global_nov_whole", "corr": -0.028, "r2_pair": 0.089, "synergy": 0.003, "interaction": 0.002, "ri": 0.04, "rj": 0.046}, {"a": "nobj_s4", "b": "coh_s4", "corr": -0.041, "r2_pair": 0.058, "synergy": 0.003, "interaction": 0.005, "ri": 0.023, "rj": 0.032}, {"a": "nobj_s4", "b": "nov_s0_whole", "corr": -0.05, "r2_pair": 0.047, "synergy": 0.003, "interaction": 0.005, "ri": 0.023, "rj": 0.022}, {"a": "nobj_s0", "b": "coh_s2", "corr": -0.026, "r2_pair": 0.089, "synergy": 0.002, "interaction": 0.002, "ri": 0.056, "rj": 0.031}], "top_redundant": [{"a": "temporal_hook", "b": "global_nov_whole", "corr": 0.747, "r2_pair": 0.06, "synergy": -0.045, "interaction": 0.029, "ri": 0.06, "rj": 0.046}, {"a": "nobj_s1", "b": "nobj_hook", "corr": 0.404, "r2_pair": 0.07, "synergy": -0.03, "interaction": 0.003, "ri": 0.06, "rj": 0.04}, {"a": "nov_s2_whole", "b": "temporal_hook", "corr": 0.401, "r2_pair": 0.072, "synergy": -0.03, "interaction": 0.02, "ri": 0.043, "rj": 0.06}, {"a": "nov_s2_whole", "b": "global_nov_whole", "corr": 0.379, "r2_pair": 0.062, "synergy": -0.026, "interaction": 0.016, "ri": 0.043, "rj": 0.046}, {"a": "nov_s2_whole", "b": "coh_s2", "corr": 0.495, "r2_pair": 0.048, "synergy": -0.025, "interaction": 0.0, "ri": 0.043, "rj": 0.031}, {"a": "coherence_hook", "b": "temporal_hook", "corr": 0.413, "r2_pair": 0.063, "synergy": -0.023, "interaction": 0.018, "ri": 0.027, "rj": 0.06}, {"a": "coherence_hook", "b": "global_nov_whole", "corr": 0.38, "r2_pair": 0.053, "synergy": -0.02, "interaction": 0.02, "ri": 0.027, "rj": 0.046}, {"a": "nov_s0_whole", "b": "global_nov_whole", "corr": 0.382, "r2_pair": 0.05, "synergy": -0.018, "interaction": 0.002, "ri": 0.022, "rj": 0.046}, {"a": "nobj_hook", "b": "nobj_s4", "corr": 0.367, "r2_pair": 0.047, "synergy": -0.017, "interaction": 0.001, "ri": 0.04, "rj": 0.023}, {"a": "coherence_hook", "b": "coh_s0", "corr": 0.445, "r2_pair": 0.032, "synergy": -0.015, "interaction": 0.0, "ri": 0.027, "rj": 0.02}, {"a": "coh_s0", "b": "nov_s0_whole", "corr": 0.367, "r2_pair": 0.03, "synergy": -0.012, "interaction": 0.018, "ri": 0.02, "rj": 0.022}], "top_interaction": [{"a": "coh_s4", "b": "global_nov_whole", "corr": 0.109, "r2_pair": 0.069, "synergy": -0.008, "interaction": 0.03, "ri": 0.032, "rj": 0.046}, {"a": "temporal_hook", "b": "global_nov_whole", "corr": 0.747, "r2_pair": 0.06, "synergy": -0.045, "interaction": 0.029, "ri": 0.06, "rj": 0.046}, {"a": "nobj_s0", "b": "coh_s0", "corr": -0.069, "r2_pair": 0.082, "synergy": 0.006, "interaction": 0.023, "ri": 0.056, "rj": 0.02}, {"a": "nobj_s1", "b": "coh_s2", "corr": 0.015, "r2_pair": 0.089, "synergy": -0.001, "interaction": 0.021, "ri": 0.06, "rj": 0.031}, {"a": "nov_s2_whole", "b": "temporal_hook", "corr": 0.401, "r2_pair": 0.072, "synergy": -0.03, "interaction": 0.02, "ri": 0.043, "rj": 0.06}, {"a": "coherence_hook", "b": "global_nov_whole", "corr": 0.38, "r2_pair": 0.053, "synergy": -0.02, "interaction": 0.02, "ri": 0.027, "rj": 0.046}, {"a": "nobj_s0", "b": "nov_s2_whole", "corr": 0.052, "r2_pair": 0.093, "synergy": -0.005, "interaction": 0.019, "ri": 0.056, "rj": 0.043}, {"a": "nobj_s0", "b": "temporal_hook", "corr": 0.085, "r2_pair": 0.106, "synergy": -0.01, "interaction": 0.019, "ri": 0.056, "rj": 0.06}, {"a": "coherence_hook", "b": "temporal_hook", "corr": 0.413, "r2_pair": 0.063, "synergy": -0.023, "interaction": 0.018, "ri": 0.027, "rj": 0.06}, {"a": "coh_s0", "b": "nov_s0_whole", "corr": 0.367, "r2_pair": 0.03, "synergy": -0.012, "interaction": 0.018, "ri": 0.02, "rj": 0.022}]}, "ret_5s": {"features": ["scene_spread", "nov_s1_visual", "nobj_s0", "nobj_s1", "nobj_hook", "nobj_s2", "coh_s4", "nov_s0_whole", "coherence_hook", "nov_s1_whole", "temporal_hook", "global_nov_whole", "niche_dist_whole"], "clusters": [1, 1, 5, 4, 2, 3, 10, 9, 8, 7, 6, 6, 6], "corr": [[1.0, 0.519, -0.175, -0.094, 0.284, -0.061, -0.015, -0.022, -0.094, -0.016, -0.252, -0.213, -0.242], [0.519, 1.0, -0.112, -0.192, 0.08, -0.068, -0.052, 0.15, 0.141, 0.178, -0.013, 0.058, 0.004], [-0.175, -0.112, 1.0, 0.343, 0.322, 0.381, 0.156, 0.096, 0.039, -0.021, 0.087, 0.057, 0.049], [-0.094, -0.192, 0.343, 1.0, 0.414, 0.414, 0.08, 0.099, -0.045, 0.001, 0.005, -0.008, -0.034], [0.284, 0.08, 0.322, 0.414, 1.0, 0.46, 0.019, 0.075, -0.04, 0.065, -0.043, -0.029, -0.117], [-0.061, -0.068, 0.381, 0.414, 0.46, 1.0, 0.072, 0.1, 0.012, 0.028, -0.012, -0.03, -0.074], [-0.015, -0.052, 0.156, 0.08, 0.019, 0.072, 1.0, -0.016, 0.115, 0.062, 0.166, 0.111, 0.122], [-0.022, 0.15, 0.096, 0.099, 0.075, 0.1, -0.016, 1.0, 0.281, 0.345, 0.343, 0.391, 0.309], [-0.094, 0.141, 0.039, -0.045, -0.04, 0.012, 0.115, 0.281, 1.0, 0.314, 0.423, 0.389, 0.353], [-0.016, 0.178, -0.021, 0.001, 0.065, 0.028, 0.062, 0.345, 0.314, 1.0, 0.439, 0.46, 0.364], [-0.252, -0.013, 0.087, 0.005, -0.043, -0.012, 0.166, 0.343, 0.423, 0.439, 1.0, 0.765, 0.678], [-0.213, 0.058, 0.057, -0.008, -0.029, -0.03, 0.111, 0.391, 0.389, 0.46, 0.765, 1.0, 0.823], [-0.242, 0.004, 0.049, -0.034, -0.117, -0.074, 0.122, 0.309, 0.353, 0.364, 0.678, 0.823, 1.0]], "synergy": [[0.052, -0.034, -0.017, -0.009, 0.033, -0.004, -0.001, -0.002, -0.007, -0.001, -0.032, -0.019, -0.014], [-0.034, 0.045, -0.011, -0.016, 0.007, -0.004, -0.003, 0.016, 0.013, 0.017, -0.002, 0.006, 0.0], [-0.017, -0.011, 0.056, -0.029, -0.019, -0.02, -0.01, -0.009, -0.003, 0.002, -0.013, -0.006, -0.004], [-0.009, -0.016, -0.029, 0.05, -0.022, -0.02, -0.005, -0.008, 0.004, -0.0, -0.001, 0.001, 0.003], [0.033, 0.007, -0.019, -0.022, 0.027, -0.017, -0.001, -0.005, 0.003, -0.004, 0.005, 0.002, 0.007], [-0.004, -0.004, -0.02, -0.02, -0.017, 0.024, -0.003, -0.006, -0.001, -0.002, 0.001, 0.002, 0.004], [-0.001, -0.003, -0.01, -0.005, -0.001, -0.003, 0.023, 0.001, -0.006, -0.003, -0.014, -0.007, -0.005], [-0.002, 0.016, -0.009, -0.008, -0.005, -0.006, 0.001, 0.038, -0.015, -0.017, -0.032, -0.025, -0.015], [-0.007, 0.013, -0.003, 0.004, 0.003, -0.001, -0.006, -0.015, 0.029, -0.014, -0.029, -0.022, -0.015], [-0.001, 0.017, 0.002, -0.0, -0.004, -0.002, -0.003, -0.017, -0.014, 0.027, -0.027, -0.023, -0.014], [-0.032, -0.002, -0.013, -0.001, 0.005, 0.001, -0.014, -0.032, -0.029, -0.027, 0.112, -0.04, -0.008], [-0.019, 0.006, -0.006, 0.001, 0.002, 0.002, -0.007, -0.025, -0.022, -0.023, -0.04, 0.048, -0.018], [-0.014, 0.0, -0.004, 0.003, 0.007, 0.004, -0.005, -0.015, -0.015, -0.014, -0.008, -0.018, 0.024]], "interaction": [[0.0, 0.002, 0.018, 0.002, 0.001, 0.001, 0.0, 0.001, 0.002, 0.0, 0.001, 0.01, 0.006], [0.002, 0.0, 0.0, 0.001, 0.0, 0.005, 0.0, 0.0, 0.013, 0.0, 0.003, 0.001, 0.0], [0.018, 0.0, 0.0, 0.005, 0.026, 0.011, 0.006, 0.005, 0.025, 0.01, 0.022, 0.01, 0.016], [0.002, 0.001, 0.005, 0.0, 0.001, 0.008, 0.0, 0.008, 0.006, 0.003, 0.003, 0.0, 0.0], [0.001, 0.0, 0.026, 0.001, 0.0, 0.0, 0.003, 0.0, 0.001, 0.001, 0.002, 0.0, 0.0], [0.001, 0.005, 0.011, 0.008, 0.0, 0.0, 0.005, 0.007, 0.0, 0.0, 0.004, 0.015, 0.009], [0.0, 0.0, 0.006, 0.0, 0.003, 0.005, 0.0, 0.0, 0.037, 0.003, 0.014, 0.015, 0.014], [0.001, 0.0, 0.005, 0.008, 0.0, 0.007, 0.0, 0.0, 0.0, 0.0, 0.0, 0.0, 0.0], [0.002, 0.013, 0.025, 0.006, 0.001, 0.0, 0.037, 0.0, 0.0, 0.022, 0.005, 0.004, 0.0], [0.0, 0.0, 0.01, 0.003, 0.001, 0.0, 0.003, 0.0, 0.022, 0.0, 0.0, 0.001, 0.004], [0.001, 0.003, 0.022, 0.003, 0.002, 0.004, 0.014, 0.0, 0.005, 0.0, 0.0, 0.004, 0.0], [0.01, 0.001, 0.01, 0.0, 0.0, 0.015, 0.015, 0.0, 0.004, 0.001, 0.004, 0.0, 0.006], [0.006, 0.0, 0.016, 0.0, 0.0, 0.009, 0.014, 0.0, 0.0, 0.004, 0.0, 0.006, 0.0]], "single_r2": [0.052, 0.045, 0.056, 0.05, 0.027, 0.024, 0.023, 0.038, 0.029, 0.027, 0.112, 0.048, 0.024], "top_synergy": [{"a": "scene_spread", "b": "nobj_hook", "corr": 0.284, "r2_pair": 0.112, "synergy": 0.033, "interaction": 0.001, "ri": 0.052, "rj": 0.027}, {"a": "nov_s1_visual", "b": "nov_s1_whole", "corr": 0.178, "r2_pair": 0.089, "synergy": 0.017, "interaction": 0.0, "ri": 0.045, "rj": 0.027}, {"a": "nov_s1_visual", "b": "nov_s0_whole", "corr": 0.15, "r2_pair": 0.099, "synergy": 0.016, "interaction": 0.0, "ri": 0.045, "rj": 0.038}, {"a": "nov_s1_visual", "b": "coherence_hook", "corr": 0.141, "r2_pair": 0.087, "synergy": 0.013, "interaction": 0.013, "ri": 0.045, "rj": 0.029}, {"a": "nov_s1_visual", "b": "nobj_hook", "corr": 0.08, "r2_pair": 0.079, "synergy": 0.007, "interaction": 0.0, "ri": 0.045, "rj": 0.027}, {"a": "nobj_hook", "b": "niche_dist_whole", "corr": -0.117, "r2_pair": 0.059, "synergy": 0.007, "interaction": 0.0, "ri": 0.027, "rj": 0.024}, {"a": "nov_s1_visual", "b": "global_nov_whole", "corr": 0.058, "r2_pair": 0.1, "synergy": 0.006, "interaction": 0.001, "ri": 0.045, "rj": 0.048}, {"a": "nobj_hook", "b": "temporal_hook", "corr": -0.043, "r2_pair": 0.145, "synergy": 0.005, "interaction": 0.002, "ri": 0.027, "rj": 0.112}, {"a": "nobj_s1", "b": "coherence_hook", "corr": -0.045, "r2_pair": 0.083, "synergy": 0.004, "interaction": 0.006, "ri": 0.05, "rj": 0.029}, {"a": "nobj_s2", "b": "niche_dist_whole", "corr": -0.074, "r2_pair": 0.053, "synergy": 0.004, "interaction": 0.009, "ri": 0.024, "rj": 0.024}, {"a": "nobj_s1", "b": "niche_dist_whole", "corr": -0.034, "r2_pair": 0.077, "synergy": 0.003, "interaction": 0.0, "ri": 0.05, "rj": 0.024}, {"a": "nobj_hook", "b": "coherence_hook", "corr": -0.04, "r2_pair": 0.059, "synergy": 0.003, "interaction": 0.001, "ri": 0.027, "rj": 0.029}], "top_redundant": [{"a": "temporal_hook", "b": "global_nov_whole", "corr": 0.765, "r2_pair": 0.121, "synergy": -0.04, "interaction": 0.004, "ri": 0.112, "rj": 0.048}, {"a": "scene_spread", "b": "nov_s1_visual", "corr": 0.519, "r2_pair": 0.062, "synergy": -0.034, "interaction": 0.002, "ri": 0.052, "rj": 0.045}, {"a": "coherence_hook", "b": "temporal_hook", "corr": 0.423, "r2_pair": 0.113, "synergy": -0.029, "interaction": 0.005, "ri": 0.029, "rj": 0.112}, {"a": "nov_s1_whole", "b": "temporal_hook", "corr": 0.439, "r2_pair": 0.112, "synergy": -0.027, "interaction": 0.0, "ri": 0.027, "rj": 0.112}, {"a": "nov_s0_whole", "b": "global_nov_whole", "corr": 0.391, "r2_pair": 0.061, "synergy": -0.025, "interaction": 0.0, "ri": 0.038, "rj": 0.048}, {"a": "nov_s1_whole", "b": "global_nov_whole", "corr": 0.46, "r2_pair": 0.053, "synergy": -0.023, "interaction": 0.001, "ri": 0.027, "rj": 0.048}, {"a": "nobj_s1", "b": "nobj_hook", "corr": 0.414, "r2_pair": 0.056, "synergy": -0.022, "interaction": 0.001, "ri": 0.05, "rj": 0.027}, {"a": "coherence_hook", "b": "global_nov_whole", "corr": 0.389, "r2_pair": 0.056, "synergy": -0.022, "interaction": 0.004, "ri": 0.029, "rj": 0.048}, {"a": "nobj_s0", "b": "nobj_s2", "corr": 0.381, "r2_pair": 0.06, "synergy": -0.02, "interaction": 0.011, "ri": 0.056, "rj": 0.024}, {"a": "nobj_s1", "b": "nobj_s2", "corr": 0.414, "r2_pair": 0.054, "synergy": -0.02, "interaction": 0.008, "ri": 0.05, "rj": 0.024}, {"a": "global_nov_whole", "b": "niche_dist_whole", "corr": 0.823, "r2_pair": 0.055, "synergy": -0.018, "interaction": 0.006, "ri": 0.048, "rj": 0.024}, {"a": "nobj_hook", "b": "nobj_s2", "corr": 0.46, "r2_pair": 0.035, "synergy": -0.017, "interaction": 0.0, "ri": 0.027, "rj": 0.024}], "top_interaction": [{"a": "coh_s4", "b": "coherence_hook", "corr": 0.115, "r2_pair": 0.046, "synergy": -0.006, "interaction": 0.037, "ri": 0.023, "rj": 0.029}, {"a": "nobj_s0", "b": "nobj_hook", "corr": 0.322, "r2_pair": 0.064, "synergy": -0.019, "interaction": 0.026, "ri": 0.056, "rj": 0.027}, {"a": "nobj_s0", "b": "coherence_hook", "corr": 0.039, "r2_pair": 0.082, "synergy": -0.003, "interaction": 0.025, "ri": 0.056, "rj": 0.029}, {"a": "nobj_s0", "b": "temporal_hook", "corr": 0.087, "r2_pair": 0.155, "synergy": -0.013, "interaction": 0.022, "ri": 0.056, "rj": 0.112}, {"a": "coherence_hook", "b": "nov_s1_whole", "corr": 0.314, "r2_pair": 0.042, "synergy": -0.014, "interaction": 0.022, "ri": 0.029, "rj": 0.027}, {"a": "scene_spread", "b": "nobj_s0", "corr": -0.175, "r2_pair": 0.091, "synergy": -0.017, "interaction": 0.018, "ri": 0.052, "rj": 0.056}, {"a": "nobj_s0", "b": "niche_dist_whole", "corr": 0.049, "r2_pair": 0.077, "synergy": -0.004, "interaction": 0.016, "ri": 0.056, "rj": 0.024}, {"a": "nobj_s2", "b": "global_nov_whole", "corr": -0.03, "r2_pair": 0.075, "synergy": 0.002, "interaction": 0.015, "ri": 0.024, "rj": 0.048}, {"a": "coh_s4", "b": "global_nov_whole", "corr": 0.111, "r2_pair": 0.064, "synergy": -0.007, "interaction": 0.015, "ri": 0.023, "rj": 0.048}, {"a": "coh_s4", "b": "temporal_hook", "corr": 0.166, "r2_pair": 0.121, "synergy": -0.014, "interaction": 0.014, "ri": 0.023, "rj": 0.112}]}, "retention": {"features": ["nov_s1_visual"], "note": "too few significant features"}}}